Install project Install
Install project Libgnarl
Install project Libgnat
c1 should NOT have migrating tasks
p: [63000, 100000, 90720, 75000, 78750]
56700000
p: [78750, 47250, 72000, 94500, 52500, 65625, 60480, 56700]
113400000
p: [63000, 100000, 90720, 75000, 78750]
56700000
p: [78750, 47250, 72000, 94500, 52500, 65625, 60480, 56700]
113400000
p: [64800, 67500, 94500, 47250, 84000, 70000]
11340000
p: [70000, 70875, 87500, 75600, 63000, 75000, 90720]
56700000
p: [63000, 100000, 90720, 75000, 78750]
56700000
p: [78750, 47250, 72000, 94500, 52500, 65625, 60480, 56700]
113400000
p: [63000, 100000, 90720, 75000, 78750]
56700000
p: [78750, 47250, 72000, 94500, 52500, 65625, 60480, 56700]
113400000
p: [67500, 75600, 65625, 56250, 52500]
9450000
p: [56250, 52500, 94500, 90720, 84000, 45360, 84375, 60000, 50000]
56700000
c2 should NOT have migrating tasks
c2 should NOT have migrating tasks
c1 should NOT have migrating tasks
p: [87500, 90720, 100000, 70000, 75600, 52500]
56700000
p: [52500, 70875, 94500, 72000, 56250, 50000, 78750]
113400000
p: [56700, 45000, 78750, 56250, 47250]
14175000
p: [47250, 54000, 75000, 94500, 75600, 72000, 90720, 50400]
113400000
p: [94500, 78750, 75000, 90720, 56250]
56700000
p: [56250, 81000, 64800, 45000, 70000, 60000, 45360, 50000]
56700000
p: [87500, 90720, 100000, 70000, 75600, 52500]
56700000
p: [52500, 70875, 94500, 72000, 56250, 50000, 78750]
113400000
p: [56700, 45000, 78750, 56250, 47250]
14175000
p: [47250, 54000, 75000, 94500, 75600, 72000, 90720, 50400]
113400000
p: [94500, 78750, 75000, 90720, 56250]
56700000
p: [56250, 81000, 64800, 45000, 70000, 60000, 45360, 50000]
56700000
p: [94500, 70875, 100000, 50400, 70000, 84375]
56700000
p: [84375, 63000, 81000, 56250, 47250, 90000, 90720]
56700000
p: [56250, 50000, 87500, 47250, 81000, 60480, 63000]
113400000
p: [90000, 94500, 84375, 54000, 75000, 63000]
9450000
p: [100000, 64800, 52500, 90720, 63000, 75600, 70875]
56700000
p: [94500, 50000, 78750, 75000, 60480, 70875]
113400000
p: [100000, 67500, 63000, 72000, 56700, 45360]
113400000
p: [45360, 70000, 94500, 90720, 52500, 64800, 56250]
56700000
p: [90000, 56700, 90720, 45000, 63000]
11340000
p: [63000, 54000, 70875, 81000, 78750, 56250, 64800, 94500]
56700000
p: [84375, 90000, 94500, 64800, 75600, 56700, 47250, 67500, 75000]
56700000
p: [100000, 56250, 84000, 75000]
6300000
p: [94500, 65625, 70875, 67500, 84000, 87500, 56700]
56700000
p: [75600, 47250, 72000, 100000, 64800, 56700]
113400000
p: [94500, 90720, 56250, 56700, 64800, 60480, 75600]
113400000
p: [64800, 81000, 90000, 45360, 50400, 63000, 60480, 75600]
22680000
p: [94500, 54000, 56700, 70875, 47250, 64800]
2268000
p: [47250, 81000, 67500, 75600, 84375, 70000, 60480, 64800]
113400000
p: [81000, 65625, 70000, 50000, 47250, 54000]
28350000
p: [52500, 94500, 50400, 63000, 87500, 60000, 47250, 54000]
18900000
p: [84000, 50400, 70000, 52500, 63000]
1260000
p: [63000, 94500, 100000, 47250, 84375, 72000, 54000, 65625]
37800000
p: [90000, 100000, 63000, 84000]
6300000
p: [84000, 56250, 75600, 90720, 94500, 70000, 75000, 84375, 50000]
56700000
p: [75000, 72000, 45360, 56250, 52500]
113400000
p: [52500, 94500, 75600, 90720, 100000, 63000, 70875, 65625]
56700000
p: [90720, 94500, 45360, 56250, 63000, 87500, 70875, 78750]
56700000
p: [56700, 100000, 81000, 75600, 70875, 78750]
56700000
p: [81000, 45360, 70000, 94500, 90720, 70875, 84375, 78750]
56700000
p: [84000, 65625, 54000, 100000, 78750]
18900000
p: [94500, 60480, 87500, 56250, 52500]
37800000
p: [75000, 47250, 64800, 100000, 63000, 70875, 84000, 52500]
56700000
p: [87500, 90720, 100000, 70000, 75600, 52500]
56700000
p: [52500, 70875, 94500, 72000, 56250, 50000, 78750]
113400000
p: [56700, 45000, 78750, 56250, 47250]
14175000
p: [47250, 54000, 75000, 94500, 75600, 72000, 90720, 50400]
113400000
p: [94500, 78750, 75000, 90720, 56250]
56700000
p: [56250, 81000, 64800, 45000, 70000, 60000, 45360, 50000]
56700000
p: [87500, 90720, 100000, 70000, 75600, 52500]
56700000
p: [52500, 70875, 94500, 72000, 56250, 50000, 78750]
113400000
p: [56700, 45000, 78750, 56250, 47250]
14175000
p: [47250, 54000, 75000, 94500, 75600, 72000, 90720, 50400]
113400000
p: [94500, 78750, 75000, 90720, 56250]
56700000
p: [56250, 81000, 64800, 45000, 70000, 60000, 45360, 50000]
56700000
p: [94500, 70875, 100000, 50400, 70000, 90720, 47250]
56700000
p: [63000, 81000, 56250, 47250, 90000, 84375]
28350000
p: [100000, 64800, 52500, 90720, 63000, 75600, 60480]
113400000
p: [94500, 50000, 78750, 75000, 60480, 70875]
113400000
p: [100000, 67500, 63000, 72000, 56700, 45360]
113400000
p: [45360, 70000, 94500, 90720, 52500, 64800, 56250]
56700000
p: [84375, 90000, 94500, 64800, 75600, 56700, 47250, 67500, 75000]
56700000
p: [100000, 56250, 84000, 75000]
6300000
p: [94500, 65625, 70875, 67500, 84000, 87500, 56700]
56700000
p: [75600, 47250, 72000, 100000, 64800, 56700]
113400000
p: [94500, 64800, 90720, 50000, 47250, 75000]
56700000
p: [47250, 78750, 54000, 84375, 52500, 70000, 60000]
18900000
p: [90720, 52500, 70875, 50000, 70000, 60000, 64800]
56700000
p: [56700, 100000, 56250, 84375, 60000, 64800, 94500]
56700000
p: [94500, 54000, 56700, 70875, 64800, 60480, 47250]
4536000
p: [81000, 67500, 75600, 84375, 70000, 60480, 47250]
113400000
p: [81000, 65625, 70000, 50000, 47250, 54000]
28350000
p: [52500, 94500, 50400, 63000, 87500, 60000, 47250, 54000]
18900000
p: [84000, 50400, 70000, 52500, 63000]
1260000
p: [52500, 94500, 100000, 47250, 84375, 72000, 54000, 65625]
37800000
p: [90720, 70875, 84000, 94500, 50400, 90000, 47250]
11340000
p: [70000, 56700, 50000, 47250, 67500, 64800]
56700000
p: [75000, 70875, 81000, 72000, 50000, 84000]
113400000
p: [72000, 50000, 70000, 87500, 90720, 94500, 47250, 52500]
113400000
p: [75000, 72000, 45360, 56250, 52500]
113400000
p: [45360, 94500, 75600, 90720, 100000, 63000, 70875, 65625]
56700000
p: [64800, 72000, 84375, 60000, 54000, 65625, 47250]
113400000
p: [94500, 56250, 56700, 75000, 65625, 70000, 47250]
28350000
p: [94500, 90000, 87500, 72000, 50400, 45000]
37800000
p: [60480, 56250, 70000, 65625, 81000, 45000, 60000]
113400000
p: [70000, 94500, 78750, 50400, 84375, 67500]
18900000
p: [50400, 67500, 100000, 50000, 90720, 81000, 70875, 72000]
113400000
p: [81000, 45360, 70000, 94500, 90720, 70875, 84375, 78750]
56700000
p: [84000, 65625, 54000, 100000, 78750]
18900000
p: [94500, 60480, 87500, 56250, 52500]
37800000
p: [75000, 47250, 64800, 100000, 63000, 70875, 84000, 52500]
56700000
c2 should NOT have migrating tasks
c2 should NOT have migrating tasks
c1 should NOT have migrating tasks
c1 should NOT have migrating tasks
p: [75000, 47250, 52500, 50000, 94500, 67500, 64800]
56700000
p: [64800, 54000, 90720, 70875, 90000, 75600]
11340000
p: [72000, 94500, 78750, 45360]
22680000
p: [45360, 81000, 56250, 64800, 84000, 70000, 50400, 47250, 54000]
56700000
p: [75000, 47250, 52500, 50000, 94500, 67500, 64800]
56700000
p: [64800, 54000, 90720, 70875, 90000, 75600]
11340000
p: [72000, 94500, 78750, 45360]
22680000
p: [45360, 81000, 56250, 64800, 84000, 70000, 50400, 47250, 54000]
56700000
p: [70000, 47250, 87500, 75000, 94500, 78750]
9450000
p: [60000, 81000, 52500, 84375, 84000, 100000, 78750]
56700000
p: [67500, 90720, 47250, 50400, 63000, 94500, 64800, 75600]
11340000
p: [64800, 90000, 84375, 56250, 84000, 75600]
56700000
p: [56700, 75000, 75600, 47250, 65625, 50400]
56700000
p: [50400, 56250, 90720, 94500, 87500, 78750, 60480]
113400000
p: [94500, 56700, 50400, 45360, 52500]
11340000
p: [45360, 90000, 87500, 75000, 70000, 72000, 90720, 60000, 52500]
113400000
p: [56250, 72000, 94500, 81000, 45000, 47250]
113400000
p: [100000, 75600, 70000, 60480, 75000, 67500, 47250]
37800000
p: [64800, 81000, 75600, 84375, 63000, 60000, 47250]
56700000
p: [94500, 52500, 65625, 70875, 45000, 60000, 47250]
56700000
p: [87500, 50400, 64800]
56700000
p: [50400, 64800, 94500, 90000, 56250, 65625, 81000, 45000, 84375, 72000, 60480]
113400000
p: [56700, 67500, 100000, 84000, 52500]
56700000
p: [52500, 60000, 70875, 94500, 81000, 50000, 70000, 50400]
56700000
p: [75000, 47250, 52500, 50000, 94500, 67500, 64800]
56700000
p: [64800, 54000, 90720, 70875, 90000, 75600]
11340000
p: [72000, 94500, 78750, 45360]
22680000
p: [45360, 81000, 56250, 64800, 84000, 70000, 50400, 47250, 54000]
56700000
p: [75000, 47250, 52500, 50000, 94500, 67500, 64800]
56700000
p: [64800, 54000, 90720, 70875, 90000, 75600]
11340000
p: [72000, 94500, 78750, 45360]
22680000
p: [45360, 81000, 56250, 64800, 84000, 70000, 50400, 47250, 54000]
56700000
p: [72000, 60480, 100000, 84000, 90000, 90720, 50000]
113400000
p: [70875, 52500, 50000, 94500, 81000, 87500]
28350000
p: [45360, 50400, 75600, 64800, 81000, 54000, 56250]
56700000
p: [54000, 56250, 52500, 50000, 94500, 60000, 100000]
18900000
p: [67500, 90720, 47250, 50400, 63000, 94500, 56250, 64800]
56700000
p: [90000, 84375, 56250, 84000, 75600, 64800]
56700000
p: [56700, 75000, 75600, 47250, 65625, 60480, 78750, 50400]
113400000
p: [56250, 90720, 94500, 87500, 78750, 50400]
56700000
p: [54000, 90720, 67500, 63000, 70000, 45000]
11340000
p: [50000, 52500, 75600, 90000, 94500, 45000, 70875]
28350000
p: [94500, 56700, 50400, 45360, 52500]
11340000
p: [45360, 90000, 87500, 75000, 70000, 72000, 90720, 60000, 52500]
113400000
p: [56250, 72000, 94500, 81000, 45000, 47250]
113400000
p: [100000, 75600, 70000, 60480, 75000, 67500, 47250]
37800000
p: [64800, 81000, 75600, 84375, 63000, 60000, 47250]
56700000
p: [94500, 52500, 65625, 70875, 45000, 60000, 47250]
56700000
p: [87500, 50400, 64800]
56700000
p: [50400, 64800, 94500, 90000, 56250, 65625, 81000, 45000, 84375, 72000, 60480]
113400000
p: [56700, 67500, 100000, 84000, 52500]
56700000
p: [52500, 60000, 70875, 94500, 81000, 50000, 70000, 50400]
56700000
